29
0 12 10
0 2 15
0 8 25
12 2 20
2 12 15
8 2 30
2 8 25
8 12 15
12 8 15
2 9 5
2 6 10
9 6 10
6 9 10
6 2 2
0 1 15
12 1 20
1 20 10
20 4 5
1 4 10
6 18 20
6 11 20
6 3 15
11 6 5
18 6 5
3 6 5
18 3 10
11 28 30
18 28 25
28 11 5
18 7 20
7 26 20
7 23 10
23 7 2
26 7 2
23 17 1
17 23 1
6 10 40
10 6 5
3 6 2
28 19 40
10 19 50
19 22 50
19 15 50
15 24 30
7 24 20
24 16 20
19 6 2
22 19 2
15 19 2
24 15 2
16 15 2
10 13 60
12 13 60
12 27 20
13 27 20
27 13 50
4 5 30
5 25 30
5 14 60
14 25 15
25 14 45
14 5 2
25 5 2
23 21 80
16 21 60
27 12 2
13 12 2
21 6 2
5 12 2